   1     0
   2   180
   3   360
   4   540
   5   720
   6   900
   7  1080
   8  1260
   9  1440
  10  1620
  11  1800
  12  1980
  13  2160
  14  2340
  15  2520
  16  2700
  17  2880
  18  3060
  19  3240
  20  3420
  21  3600
  22  3780
  23  3960
  24  4140
  25  4320
  26  4500
  27  4680
  28  4860
  29  5040
  30  5220
  31  5400
  32  5580
  33  5760
  34  5940
  35  6120
  36  6300
  37  6480
  38  6660
  39  6840
  40  7020
  41  7200
  42  7380
  43  7560
  44  7740
  45  7920
  46  8100
  47  8280
  48  8460
  49  8640
  50  8820
  51  9000
  52  9180
  53  9360
  54  9540